$ 1 0.000005 10.20027730826997 50 5 43 5e-11
165 -272 16 -128 16 6 0
v -416 128 -416 32 0 0 40 10 0 0 0.5
w -416 32 -416 -16 0
w -208 -16 -416 -16 0
w -416 128 -416 224 0
w -176 208 -176 176 0
w -144 80 -16 80 0
370 -16 80 -16 144 3 0 0
162 64 144 64 224 2 default-led 1 0 0 0.01
c -368 160 -368 224 4 0.000009999999999999999 0.009082652134423346 0.001 0
w -144 48 -144 -16 0
w -144 -16 -208 -16 0
r -368 -16 -368 48 0 1000
g -416 224 -416 240 0 0
r -16 144 64 144 0 330
w -416 224 -368 224 0
w -176 224 -176 208 0
w -368 224 -176 224 0
w -176 224 64 224 0
w -368 144 -368 160 0
s -464 192 -464 112 0 1 false
w -464 192 -464 224 0
w -464 224 -416 224 0
w -416 -16 -368 -16 0
w -272 112 -464 112 0
w -272 48 -304 48 0
w -304 48 -304 144 0
w -304 144 -272 144 0
r -464 112 -464 -16 0 1000
w -464 -16 -416 -16 0
r -368 48 -368 80 0 10000
w -368 80 -368 144 0
w -304 48 -304 80 0
w -368 80 -304 80 0
o 7 16 0 4099 0.0000762939453125 0.00009765625 0 2 7 3
o 9 16 0 4099 0.0390625 0.00009765625 1 2 9 3
