$ 1 0.000005 10.20027730826997 50 5 43 5e-11
165 -272 16 -128 16 6 0
v -416 128 -416 32 0 0 40 10 0 0 0.5
w -416 32 -416 -16 0
w -208 -16 -416 -16 0
w -416 128 -416 224 0
w -176 208 -176 176 0
w -144 80 -16 80 0
370 -16 80 -16 144 3 0 0
162 64 144 64 224 2 default-led 1 0 0 0.01
w -128 -16 -208 -16 0
g -416 224 -416 240 0 0
r -16 144 64 144 0 330
w -416 224 -368 224 0
w -176 224 -176 208 0
w -368 224 -176 224 0
w -176 224 64 224 0
w -416 -16 -368 -16 0
r -368 -16 -368 112 0 10000
w -272 112 -368 112 0
w -416 224 -480 224 0
w -480 112 -368 112 0
s -480 112 -480 224 0 1 true
s -128 96 -128 176 0 1 true
w -176 176 -128 176 0
r -128 -16 -128 48 0 10000
w -128 96 -128 48 0
w -144 48 -128 48 0
w 560 48 576 48 0
s 336 144 432 144 0 1 true
s 224 112 224 224 0 1 true
w 224 112 336 112 0
w 288 224 224 224 0
w 432 112 336 112 0
r 336 -16 336 112 0 10000
w 288 -16 336 -16 0
w 528 224 768 224 0
w 336 224 528 224 0
w 528 224 528 208 0
w 288 224 336 224 0
r 688 144 768 144 0 330
g 288 224 288 240 0 0
w 576 -16 496 -16 0
162 768 144 768 224 2 default-led 1 0 0 0.01
370 688 80 688 144 3 0 0
w 560 80 688 80 0
w 528 208 528 176 0
w 288 128 288 224 0
w 496 -16 288 -16 0
w 288 32 288 -16 0
v 288 128 288 32 0 0 40 10 0 0 0.5
165 432 16 576 16 6 9.975443089484536
w 336 112 336 144 0
w 576 -16 576 48 0
x 250 291 767 294 4 24 Combination\sof\sActive-Low\sand\sActive-High\slogic
x -315 290 -150 293 4 24 Active-low\slogic
o 7 16 0 4099 0.0000762939453125 0.00009765625 0 2 7 3
